EPM: 114/297=0.3838383838383838
HLD: 19/186=0.10215053763440861
ASI: 63/148=0.42567567567567566
STU: 57/178=0.3202247191011236
OJR: 72/184=0.391304347826087
ATR: 37/116=0.31896551724137934
FPD: 48/101=0.4752475247524752
ACR: 30/109=0.27522935779816515
OCR: 37/149=0.2483221476510067
CRR: 126/240=0.525
SSR: 271/629=0.43084260731319557
REC: 45/698=0.06446991404011461
Real-Time Visual Perception avg.: 2.0292936143702374/6=0.33821560239503956
Backward Tracing avg.: 0.911664597148468/3=0.3038881990494893
Forward Tracing avg.: 1.0203125213533102/3=0.34010417378443675
