EPM: 116/297=0.39057239057239057
HLD: 12/186=0.06451612903225806
ASI: 57/148=0.38513513513513514
STU: 58/178=0.3258426966292135
OJR: 66/184=0.358695652173913
ATR: 37/116=0.31896551724137934
FPD: 45/101=0.44554455445544555
ACR: 30/109=0.27522935779816515
OCR: 36/149=0.24161073825503357
Real-Time Visual Perception avg.: 1.9658885165531501/6=0.3276480860921917
Backward Tracing avg.: 0.8402236547397838/3=0.28007455157992794
